>AT1G01940_P1   3       152     2       153     PF00160.24      Pro_isomerase   2       157     158     176.16  6.1e-52 3.1e-56 1       0       CL0475
>AT1G20220_P1   19      83      19      84      PF01918.24      Alba    1       66      67      72.05   2.7e-20 1.4e-24 1       0       CL0441
>AT1G27970_P1   9       123     9       123     PF02136.23      NTF2    1       120     120     127.57  4.0e-37 2.0e-41 1       0       CL0051
>AT1G27970.2    9       122     9       123     PF02136.23      NTF2    1       119     120     124.64  3.2e-36 1.6e-40 1       0       CL0051
>AT1G51830_P2   396     659     393     661     PF00069.28      Pkinase 4       259     264     155.30  2.1e-45 5.3e-49 1       0       CL0016
>AT1G51830_P2   395     660     393     662     PF07714.20      PK_Tyr_Ser-Thr  3       257     259     153.97  4.9e-45 1.2e-48 1       1       CL0016
>AT1G51830_P2   16      164     4       164     PF12819.10      Malectin_like   180     335     335     153.10  1.2e-44 3.0e-48 1       0       CL0202
>AT1G51830_P2   224     280     222     285     PF13855.9       LRR_8   5       61      61      32.98   4.1e-08 1.0e-11 1       0       CL0022
>AT2G01450_P1   16      307     16      307     PF00069.28      Pkinase 1       264     264     216.51  4.5e-64 6.8e-68 1       0       CL0016
>AT2G01450_P1   17      232     16      302     PF07714.20      PK_Tyr_Ser-Thr  2       216     259     108.97  2.6e-31 4.0e-35 1       1       CL0016
>AT2G01450_P1   53      158     37      170     PF06293.17      Kdo     51      163     207     22.51   6.6e-05 1.0e-08 1       1       CL0016
>AT2G01450.2    16      307     16      307     PF00069.28      Pkinase 1       264     264     216.51  4.5e-64 6.8e-68 1       0       CL0016
>AT2G01450.2    17      232     16      302     PF07714.20      PK_Tyr_Ser-Thr  2       216     259     108.97  2.6e-31 4.0e-35 1       1       CL0016
>AT2G01450.2    53      158     37      170     PF06293.17      Kdo     51      163     207     22.51   6.6e-05 1.0e-08 1       1       CL0016
>AT2G01450.3    16      307     16      307     PF00069.28      Pkinase 1       264     264     216.51  4.5e-64 6.8e-68 1       0       CL0016
>AT2G01450.3    17      232     16      302     PF07714.20      PK_Tyr_Ser-Thr  2       216     259     108.97  2.6e-31 4.0e-35 1       1       CL0016
>AT2G01450.3    53      158     37      170     PF06293.17      Kdo     51      163     207     22.51   6.6e-05 1.0e-08 1       1       CL0016
>AT2G22720_P3   462     564     461     564     PF08243.14      SPT2    2       111     111     65.40   6.4e-18 3.3e-22 1       0       
>AT2G22720_P5   454     556     453     556     PF08243.14      SPT2    2       111     111     65.44   6.3e-18 3.2e-22 1       0       
>AT2G22720_P6   454     556     453     556     PF08243.14      SPT2    2       111     111     65.44   6.3e-18 3.2e-22 1       0       
>AT2G44980_P2   77      357     70      358     PF00176.26      SNF2-rel_dom    53      317     318     177.35  3.6e-52 3.7e-56 1       0       CL0023
>AT2G44980_P2   378     501     377     501     PF00271.34      Helicase_C      2       111     111     54.19   1.7e-14 1.8e-18 1       0       CL0023
>AT2G44980_P3   71      356     54      357     PF00176.26      SNF2-rel_dom    48      317     318     184.71  2.1e-54 2.1e-58 1       0       CL0023
>AT2G44980_P3   377     500     376     500     PF00271.34      Helicase_C      2       111     111     54.19   1.7e-14 1.8e-18 1       0       CL0023
>AT3G13340_P1   309     347     309     347     PF00400.35      WD40    1       38      38      23.10   0.0001  1.6e-08 1       0       CL0186
>AT3G13340_P2   309     347     309     347     PF00400.35      WD40    1       38      38      23.10   0.0001  1.6e-08 1       0       CL0186
>AT3G13340_P3   309     347     309     347     PF00400.35      WD40    1       38      38      23.10   0.0001  1.6e-08 1       0       CL0186
>AT3G20290_P2   435     536     431     537     PF18150.4       DUF5600 5       106     107     126.63  6.7e-37 2.1e-40 1       0       
>AT3G20290_P2   163     195     163     195     PF16880.8       EHD_N   1       33      33      56.99   1.4e-15 4.2e-19 1       0       
>AT3G20290_P2   200     359     200     360     PF00350.26      Dynamin_N       1       167     168     44.62   1.7e-11 5.1e-15 1       0       CL0023
>AT3G20290_P2   200     359     199     359     PF01926.26      MMR_HSR1        2       114     114     31.75   1.4e-07 4.2e-11 1       1       CL0023
>AT3G20290_P2   14      80      11      93      PF12763.10      EF-hand_4       5       72      104     30.68   2.6e-07 7.8e-11 1       0       CL0220
>AT3G20290_P3   435     536     431     537     PF18150.4       DUF5600 5       106     107     126.63  6.7e-37 2.1e-40 1       0       
>AT3G20290_P3   163     195     163     195     PF16880.8       EHD_N   1       33      33      56.99   1.4e-15 4.2e-19 1       0       
>AT3G20290_P3   200     359     200     360     PF00350.26      Dynamin_N       1       167     168     44.62   1.7e-11 5.1e-15 1       0       CL0023
>AT3G20290_P3   200     359     199     359     PF01926.26      MMR_HSR1        2       114     114     31.75   1.4e-07 4.2e-11 1       1       CL0023
>AT3G20290_P3   14      80      11      93      PF12763.10      EF-hand_4       5       72      104     30.68   2.6e-07 7.8e-11 1       0       CL0220
>AT3G25540_P1   77      282     77      282     PF03798.19      TRAM_LAG1_CLN8  1       198     198     145.24  2.1e-42 1.1e-46 1       0       
>AT3G25540_P2   77      240     77      242     PF03798.19      TRAM_LAG1_CLN8  1       160     198     128.93  2.1e-37 1.0e-41 1       0       
>AT3G25540.1    77      282     77      282     PF03798.19      TRAM_LAG1_CLN8  1       198     198     145.24  2.1e-42 1.1e-46 1       0       
>AT3G51240.1    195     293     193     294     PF03171.23      2OG-FeII_Oxy    3       100     101     88.17   4.6e-25 4.7e-29 1       0       CL0029
>AT3G51240.1    38      148     38      153     PF14226.9       DIOX_N  1       117     118     76.38   3.2e-21 3.3e-25 1       0       CL0029
>AT3G51240.2    111     209     109     210     PF03171.23      2OG-FeII_Oxy    3       100     101     88.92   2.7e-25 1.4e-29 1       0       CL0029
>AT3G54960_P1   101     201     100     201     PF00085.23      Thioredoxin     2       103     103     100.43  5.1e-29 1.3e-32 1       0       CL0172
>AT3G54960_P1   439     523     438     543     PF00085.23      Thioredoxin     2       86      103     66.99   1.3e-18 3.3e-22 1       0       CL0172
>AT3G54960_P1   242     413     235     416     PF13848.9       Thioredoxin_6   13      182     185     89.96   1.8e-25 4.6e-29 1       0       CL0172
>AT3G56160_P2   83      349     81      351     PF13593.9       SBF_like        3       265     313     140.15  1.0e-40 1.0e-44 1       0       CL0064
>AT3G56160_P2   122     282     116     296     PF01758.19      SBF     12      180     195     47.66   1.6e-12 1.6e-16 1       1       CL0064
>AT3G56160_P3   83      395     81      397     PF13593.9       SBF_like        3       311     313     174.12  4.6e-51 4.7e-55 1       0       CL0064
>AT3G56160_P3   122     282     116     297     PF01758.19      SBF     12      180     195     46.79   2.9e-12 3.0e-16 1       1       CL0064
>AT3G56160_P4   83      304     81      311     PF13593.9       SBF_like        3       212     313     106.16  2.2e-30 2.3e-34 1       0       CL0064
>AT3G56160_P4   122     257     116     285     PF01758.19      SBF     12      152     195     43.29   3.5e-11 3.5e-15 1       1       CL0064
>AT3G56160_P5   110     341     108     342     PF13593.9       SBF_like        3       237     313     129.79  1.4e-37 1.5e-41 1       0       CL0064
>AT3G56160_P5   149     309     143     323     PF01758.19      SBF     12      180     195     47.81   1.4e-12 1.5e-16 1       1       CL0064
>AT4G02450_P1   6       81      5       81      PF04969.19      CS      2       77      77      36.50   8.3e-09 4.3e-13 1       0       CL0190
>AT4G10130_P1   11      76      11      76      PF00226.34      DnaJ    1       63      63      68.00   6.3e-19 6.4e-23 1       0       CL0392
>AT4G10130_P1   90      165     90      167     PF05207.16      zf-CSL  1       57      59      46.53   2.4e-12 2.4e-16 1       0       CL0167
>AT4G10130_P2   11      76      11      76      PF00226.34      DnaJ    1       63      63      68.00   6.3e-19 6.4e-23 1       0       CL0392
>AT4G10130_P2   90      165     90      167     PF05207.16      zf-CSL  1       57      59      46.53   2.4e-12 2.4e-16 1       0       CL0167
>AT4G11120_P1   141     379     140     379     PF00889.22      EF_TS   2       208     208     179.23  8.1e-53 4.1e-57 1       0       
>AT4G27040_P1   6       225     5       225     PF04157.19      EAP30   2       236     236     255.64  3.7e-76 1.9e-80 1       0       CL0123
>AT4G27040_P4   6       225     5       225     PF04157.19      EAP30   2       236     236     255.64  3.7e-76 1.9e-80 1       0       CL0123
>AT4G27040_P6   6       225     5       225     PF04157.19      EAP30   2       236     236     255.64  3.7e-76 1.9e-80 1       0       CL0123
>AT4G27040.2    6       225     5       225     PF04157.19      EAP30   2       236     236     255.64  3.7e-76 1.9e-80 1       0       CL0123
>AT4G30200_P2   146     264     141     264     PF07227.14      PHD_Oberon      1       130     130     113.02  9.0e-33 4.6e-37 1       0       CL0390
>AT4G30200_P3   146     264     141     264     PF07227.14      PHD_Oberon      1       130     130     113.06  8.7e-33 4.4e-37 1       0       CL0390
>AT4G30260_P2   218     349     203     350     PF04893.20      Yip1    16      172     173     47.88   1.5e-12 7.6e-17 1       0       CL0112
>AT4G35020_P1   8       178     8       179     PF00071.25      Ras     1       161     162     178.33  8.9e-53 9.1e-57 1       0       CL0023
>AT4G35020_P1   8       121     8       121     PF08477.16      Roc     1       119     119     82.14   3.7e-23 3.8e-27 1       1       CL0023
>AT4G35020_P3   8       178     8       179     PF00071.25      Ras     1       161     162     178.33  8.9e-53 9.1e-57 1       0       CL0023
>AT4G35020_P3   8       121     8       121     PF08477.16      Roc     1       119     119     82.14   3.7e-23 3.8e-27 1       1       CL0023
>AT4G35020_P5   8       120     8       122     PF00071.25      Ras     1       114     162     137.69  2.8e-40 2.9e-44 1       0       CL0023
>AT4G35020_P5   8       120     8       121     PF08477.16      Roc     1       118     119     81.21   7.2e-23 7.3e-27 1       1       CL0023
>AT4G38510.1    146     376     146     376     PF00006.28      ATP-synt_ab     1       214     214     217.09  2.3e-64 2.4e-68 1       0       CL0023
>AT4G38510.1    23      89      23      89      PF02874.26      ATP-synt_ab_N   1       69      69      52.24   6.9e-14 7.0e-18 1       0       CL0275
>AT4G38510.2    146     376     146     376     PF00006.28      ATP-synt_ab     1       214     214     217.09  2.3e-64 2.4e-68 1       0       CL0023
>AT4G38510.2    23      89      23      89      PF02874.26      ATP-synt_ab_N   1       69      69      52.24   6.9e-14 7.0e-18 1       0       CL0275
>AT4G38510.3    146     376     146     376     PF00006.28      ATP-synt_ab     1       214     214     217.09  2.3e-64 2.4e-68 1       0       CL0023
>AT4G38510.3    23      89      23      89      PF02874.26      ATP-synt_ab_N   1       69      69      52.24   6.9e-14 7.0e-18 1       0       CL0275
>AT4G38510.5    153     383     153     383     PF00006.28      ATP-synt_ab     1       214     214     217.04  2.4e-64 2.5e-68 1       0       CL0023
>AT4G38510.5    30      96      30      96      PF02874.26      ATP-synt_ab_N   1       69      69      52.21   7.0e-14 7.2e-18 1       0       CL0275
>AT5G02780_P1   33      109     33      110     PF13417.9       GST_N_3 1       74      75      72.77   2.3e-20 5.9e-24 1       0       CL0172
>AT5G02780_P1   39      104     38      105     PF13409.9       GST_N_2 2       69      70      60.33   1.8e-16 4.6e-20 1       1       CL0172
>AT5G02780_P1   147     211     144     212     PF13410.9       GST_C_2 9       69      70      34.90   1.2e-08 3.0e-12 1       0       CL0497
>AT5G02780_P1   32      103     29      104     PF02798.23      GST_N   4       75      76      25.12   1.8e-05 4.5e-09 1       1       CL0172
>AT5G02780_P1   147     214     144     216     PF00043.28      GST_C   29      90      93      21.58   0.00021 5.2e-08 1       1       CL0497
>AT5G02780_P3   33      109     33      110     PF13417.9       GST_N_3 1       74      75      72.77   2.3e-20 5.9e-24 1       0       CL0172
>AT5G02780_P3   39      104     38      105     PF13409.9       GST_N_2 2       69      70      60.33   1.8e-16 4.6e-20 1       1       CL0172
>AT5G02780_P3   147     211     144     212     PF13410.9       GST_C_2 9       69      70      34.90   1.2e-08 3.0e-12 1       0       CL0497
>AT5G02780_P3   32      103     29      104     PF02798.23      GST_N   4       75      76      25.12   1.8e-05 4.5e-09 1       1       CL0172
>AT5G02780_P3   147     214     144     216     PF00043.28      GST_C   29      90      93      21.58   0.00021 5.2e-08 1       1       CL0497
>AT5G02780.2    33      109     33      110     PF13417.9       GST_N_3 1       74      75      72.79   2.3e-20 5.8e-24 1       0       CL0172
>AT5G02780.2    39      104     38      105     PF13409.9       GST_N_2 2       69      70      60.35   1.8e-16 4.6e-20 1       1       CL0172
>AT5G02780.2    150     209     148     210     PF13410.9       GST_C_2 14      69      70      32.66   6.0e-08 1.5e-11 1       0       CL0497
>AT5G02780.2    32      103     29      104     PF02798.23      GST_N   4       75      76      25.14   1.7e-05 4.4e-09 1       1       CL0172
>AT5G38460_P1   51      510     47      511     PF03155.18      Alg6_Alg8       3       484     485     434.42  6.7e-130        3.4e-134        1       0       CL0111
>AT5G38460.2    51      510     47      511     PF03155.18      Alg6_Alg8       3       484     485     434.42  6.7e-130        3.4e-134        1       0       CL0111
>AT5G65685.1    192     413     192     415     PF08323.14      Glyco_transf_5  1       225     244     114.81  5.5e-33 2.8e-37 1       0       CL0113